00000000000001111000011100111001000000100100000011010000000101000000110010000010000111111000000000000
00000000000000000000000000000000000000000111111000110000111010000000111000000001110000001101111111100
00000000000000000000000000000000111100000110011000010000100001000010000111111000000000000000000000000
00111100000110011000010000110011000001001100000100010000110001111110000000000000000000000000000000000
00000000000000000000000011100000011011100001000011000100000100010000110001000010000111110000000000000
00000000000000000000000000000000000000001111110000100001100010000010001000001000110001100001111100000
00000000000011110000001001100001000010000100001100010000010001000011000111111000000000000000000000000
01111100001100011000100000100010000010001000011000110011000001111000000000000000000000000000000000000
00011001100001000010000100001000010001100000111100000000000000000000000000000000000000000000000000000
00000000000000111100000010011000011000110001000001000110000100001111110000000000000000000000000000000
00000000000000000000000000000000000111000000110111000110000100010000010001000001000100001100011111100
00000000000000000000000000000000001100000011011000010000100011000010001000001000110001100001111100000
00000000000000000000000000000011111000001000110000100001000010000100001100010000010011000001111000000
00000000000000000000000111100001110011000100000100010000010001100001000011111100000000000000000000000
00001111100001100010001100001000100000100010000010001100001000011111100000000000000000000000000000000
11111100001000010000100000100011000010000100001000001111100000000000000000000000000000000000000000000
00000000000000000000000000000000000000000000011000000010111000010000100000100010000010001000000111100
00000000000111111100110000011010000000111000000001100000000111000000110111000110000111110000000000000
00000000000000000000011100000000011111110000000000000000000000000000000000000000000000000000000000001
00000000000000000000000000000000000000000000000000001000000000111011110000000000000000000000000000001
00000000000000000000000000000000000000000000000000000000000000000000000000000000001000000000111111111
00000000000000000000000000000000000000000000000000011110000000001111110000000000000000000000000000001
00000000000000000000000000000000000000000000000000000000000000000000000111111111000000000000000000001
00000000000000000000000000000000000000000000000000000000000000111111100000000000000000000000000000001
00000000000000000000000000000000000000001111111111000000000000000000000000000000000000000000000000001
00000000000000000000001111111000000000000000000000000000000000000000000000000000000000000000000000001
00111111110000000000000000000000000000000000000000000000000000000000000000000000000000000000000000001
00000000000000000000000011001000011000100011000010011111111000000000100000000010000000001000000000001
00000000000000000000000000000000000000000000000000000001100000001100000001100000011111110011110001111
00000000000000000000000000000000001000000011100000011000000011111111110000000000000000000000000000001
00000000100000010010000011001000110001111111111101111000000100000000110000000010000000000000000000001
00000000110000110011000110001100110000111110000011111111111100000000100000000010000000001100000000011
00000000000000011000000011000001111000001111111110000000000000000000000000000000000000000000000000001
00000000000000000000000000000000000000000000000000000001000000011100000111000000110000000011111111111
00000000000000000000000000000000000100000000110000000110000001110000001111111111000000000000000000001
00000000000000001000000011100000111000000111111111000000000000000000000000000000000000000000000000001
00000000000001000000001100000011100000001111110000000000000000000000000000000000000000000000000000001
00000000000000000000000000000000000000000000000000000100000000110000000110000000011111100000000000001
00000000000000001000000001100000001100000000111110000000000000000000000000000000000000000000000000001
00000000000000000000000000000000000000000000000000000000100000000110000000010000000011110000000001101
00000000000000000000000000000000000000000000001111000001101100001100010000100001000011000100000111110
00000000000000000000000000000000011111000011000100001000010000100011000011111000000000000000000000000
00001110000111101000010000100001000010000100001000011000100000111110000000000000000000000000000000000
11111111111000000001100000000110000000011000000001100000000110000000011000000001100000000111111111110
00000000000011111100011000010001000001100100000010010000001001000000100100000010011111111000000000000
00000000000000000000000000000000000000000111000000110110000010001100001000010000110001000001111100000
00000000000000000000011110000011001100001000011000100000100011000110000101110000011100000000000000000
01111110000100001000110000100010000010001000001000110001100001111100000000000000000000000000000000000
00000000000001111110001100001001100000110100000001010000000101000000110110000110001111110000000000000
00000000000000000000000000000000000000000000001000011111111001000000100100000011010000001101111111100
00000000000000110000001111110000100001100010000010001000001000100000100010000110001111110000000000000
00111111000110000100010000011001000000100110000010001000001000111011000000111000000000000000000000000
00000000000000000000001111100001100011000100000110010000001001000000100110001110001111100000000000000
00111000000110111000010000110001000000101100000010110000001001110011100001111000000000000000000000000
00000000000000000000000000000000011111000011000110001000001001100000010110000011001110111000001110000
00011111000111000100010000001011000000101100000010011000001000100001100011101100000011100000000000000
00000000000001111000011100110001000001101100000011100000000111000000010100000011011100111000001110000
00000000000111111000110000110010000001101000000010110000001001100011100011111000000000000000000000000
00000000000011100000011011100011000011001000000100100000010000000001001000000100110000110001111110000
00000000000000000000001111110011100001101000000010100000001010000000011100000001011000000100111001110
00000000000000111000001100110000100001000110000110010000001001100001100011100100000011110000000000000
00000000000001111000011100111001000000110100000001010000001101100000100011100110000011100000000000000
00000000000000000000000000000000000000000111111000110000100010000011000000000100100000110011111110000
01111110001110001000100000100010000010001100011000011111000000000000000000000000000000000000000000000
00000011110000011001000001000100000100010000010011000001111000000000000000000000000000000000000000000
00000000000000000000000000000000000011000011111110011000001101000000010110000001001110000100001111110
00111110000010001100001000011000100000100010000010001000001000110001100001111100000001100000000000000
00000000000000000000000000000000111000000110011000010000100011000010001000001000110000100001111110000
11110110001111111000110000100010000011001000001100100000100011111110000000000000000000000000000000000
00000000000000000000001111111011000000101000000011100000000110000000011100000001011000001000111111000
00000000000000000000001111110000100000100010000011001100001100011111100000000000000000000000000000000
00000000000001111110001000001101100000010100000011110000001011100111100011110000000000000000000000000
